-3.002800000000000225e+01
-2.537093333333334044e+01
-2.347013333333333662e+01
-2.180386666666666784e+01
-2.203840000000000643e+01
-2.008226666666666560e+01
-2.002346666666667119e+01
-1.774679999999999680e+01
-1.783933333333333238e+01
-1.670773333333333710e+01
-1.540586666666666282e+01
-1.527346666666667474e+01
-1.604906666666666126e+01
-1.416239999999999810e+01
-1.299266666666667547e+01
-1.001453333333333617e+01
-1.243253333333332833e+01
-1.113199999999999790e+01
-9.046933333333335270e+00
-1.023039999999999772e+01
-8.601599999999995916e+00
-7.317466666666665454e+00
-7.144933333333333358e+00
-7.844133333333331848e+00
-8.881199999999999761e+00
-6.478533333333332145e+00
-6.864933333333333110e+00
-6.979466666666666264e+00
-6.304266666666665131e+00
-4.795600000000000307e+00
-4.890533333333330290e+00
-5.613733333333331466e+00
-4.681066666666667153e+00
-5.075733333333332986e+00
-4.953733333333333100e+00
-5.143466666666669518e+00
-4.450000000000001954e+00
-4.709200000000000941e+00
-5.779066666666668795e+00
-5.517999999999999794e+00
-4.331199999999999051e+00
-4.844000000000000306e+00
-4.328799999999997539e+00
-4.451866666666666639e+00
-3.663199999999999790e+00
-4.062000000000000277e+00
-4.799199999999998134e+00
-4.648399999999997867e+00
-4.545333333333332781e+00
-3.730533333333332369e+00
-2.870933333333334669e+00
-3.678266666666670126e+00
-3.494266666666669519e+00
-2.424533333333333207e+00
-3.678666666666666529e+00
-3.688800000000000079e+00
-5.310133333333331151e+00
-3.899999999999999467e+00
-4.622800000000000686e+00
-3.572533333333332894e+00
-3.343866666666668319e+00
-2.822666666666667545e+00
-5.029999999999998472e+00
-3.144799999999999152e+00
-3.284933333333333927e+00
-3.646000000000000796e+00
-3.634933333333334016e+00
-3.090799999999999326e+00
-2.323866666666667413e+00
-4.696133333333333049e+00
-2.984933333333333216e+00
-3.452933333333332744e+00
-3.555866666666667175e+00
-3.122933333333333561e+00
-2.505866666666666021e+00
-2.454666666666667663e+00
-3.115733333333331689e+00
-3.386000000000000121e+00
-3.074266666666665149e+00
-3.056800000000000850e+00
-3.942666666666665876e+00
-3.836933333333334861e+00
-3.662399999999999434e+00
-2.064933333333333287e+00
-3.514400000000001079e+00
-2.999333333333334295e+00
-2.996799999999999464e+00
-3.462799999999999656e+00
-2.450266666666666371e+00
-3.493999999999999329e+00
-3.616533333333331157e+00
-3.809466666666666779e+00
-3.272533333333334404e+00
-3.238133333333332864e+00
-2.487999999999999989e+00
-5.011199999999996102e+00
-3.582666666666664668e+00
-3.278799999999999937e+00
-3.312000000000000277e+00
-3.160400000000001874e+00
