3.000000000000000000e+01
3.000000000000000000e+01
3.000000000000000000e+01
3.000000000000000000e+01
3.000000000000000000e+01
3.000000000000000000e+01
2.982000000000000028e+01
2.928999999999999915e+01
2.921000000000000085e+01
2.914000000000000057e+01
2.871999999999999886e+01
2.782000000000000028e+01
2.655000000000000071e+01
2.633999999999999986e+01
2.307000000000000028e+01
2.226000000000000156e+01
2.296999999999999886e+01
2.142000000000000171e+01
1.992000000000000171e+01
1.830999999999999872e+01
1.907000000000000028e+01
1.810000000000000142e+01
1.769000000000000128e+01
1.707000000000000028e+01
1.962999999999999901e+01
1.628000000000000114e+01
1.566000000000000014e+01
1.710000000000000142e+01
1.558000000000000007e+01
1.451999999999999957e+01
1.367999999999999972e+01
1.503999999999999915e+01
1.277999999999999936e+01
1.447000000000000064e+01
1.389000000000000057e+01
1.449000000000000021e+01
1.307000000000000028e+01
1.409999999999999964e+01
1.526999999999999957e+01
1.457000000000000028e+01
1.340000000000000036e+01
1.366999999999999993e+01
1.321000000000000085e+01
1.368999999999999950e+01
1.230000000000000071e+01
1.281000000000000050e+01
1.489000000000000057e+01
1.327999999999999936e+01
1.296000000000000085e+01
1.218999999999999950e+01
1.114000000000000057e+01
1.121000000000000085e+01
1.206000000000000050e+01
1.060999999999999943e+01
1.203999999999999915e+01
1.132000000000000028e+01
1.417999999999999972e+01
1.261999999999999922e+01
1.363000000000000078e+01
1.308999999999999986e+01
1.157000000000000028e+01
1.119999999999999929e+01
1.373000000000000043e+01
1.096000000000000085e+01
1.189000000000000057e+01
1.142999999999999972e+01
1.196000000000000085e+01
1.147000000000000064e+01
1.059999999999999964e+01
1.274000000000000021e+01
1.001999999999999957e+01
1.265000000000000036e+01
1.185999999999999943e+01
1.126999999999999957e+01
1.082000000000000028e+01
1.067999999999999972e+01
1.083999999999999986e+01
1.146000000000000085e+01
1.108000000000000007e+01
1.186999999999999922e+01
1.193999999999999950e+01
1.123000000000000043e+01
1.198000000000000043e+01
9.720000000000000639e+00
1.083000000000000007e+01
1.031000000000000050e+01
1.078999999999999915e+01
1.176999999999999957e+01
1.050000000000000000e+01
1.110999999999999943e+01
1.157000000000000028e+01
1.059999999999999964e+01
1.014000000000000057e+01
1.117999999999999972e+01
1.075000000000000000e+01
1.302999999999999936e+01
1.205000000000000071e+01
1.091999999999999993e+01
1.146000000000000085e+01
9.890000000000000568e+00
