-2.554933333333333678e+01
-1.442413333333333014e+01
-4.720399999999997931e+00
-3.308266666666666911e+00
-2.379600000000000826e+00
-2.886400000000000521e+00
-2.087733333333332997e+00
-1.029733333333333833e+00
-1.852933333333332655e+00
-2.953733333333332656e+00
-1.372933333333333561e+00
-7.866666666666668473e-01
-1.656400000000000761e+00
-2.361066666666666425e+00
-1.463466666666666915e+00
-9.062666666666663318e-01
-1.203866666666667085e+00
-1.553200000000000136e+00
-1.641199999999999992e+00
-1.234400000000000608e+00
-1.028533333333333744e+00
-2.101733333333333231e+00
-1.032800000000000828e+00
-1.551333333333333231e+00
-1.857333333333332837e+00
-5.432000000000002382e-01
-1.736000000000000432e+00
-8.504000000000005999e-01
-1.361600000000000588e+00
-9.158666666666670508e-01
-7.769333333333334757e-01
-1.386533333333333617e+00
-1.200266666666667925e+00
-6.814666666666666650e-01
-1.896266666666667433e+00
-1.166400000000000103e+00
-1.160800000000000498e+00
-8.640000000000002123e-01
-1.026533333333333742e+00
-7.843999999999998751e-01
-6.104000000000001647e-01
-1.245866666666667122e+00
-1.485199999999999632e+00
-1.106000000000000316e+00
-6.655999999999999694e-01
-7.952000000000002400e-01
-7.757333333333336078e-01
-3.695999999999999286e-01
-1.489200000000000523e+00
-5.151999999999999913e-01
-8.157333333333335323e-01
-3.922666666666668744e-01
-8.700000000000004396e-01
-4.284000000000001696e-01
-9.475999999999997758e-01
-6.822666666666669100e-01
-1.005733333333333590e+00
-8.699999999999999956e-01
-8.605333333333333723e-01
-8.393333333333329316e-01
-8.394666666666662502e-01
-4.278666666666668394e-01
-2.532000000000000917e-01
-3.996000000000002883e-01
-1.335866666666666980e+00
-5.228000000000000425e-01
-3.422666666666663859e-01
-8.228000000000001979e-01
-4.401333333333334319e-01
-7.250666666666667481e-01
-5.161333333333333329e-01
-6.774666666666665504e-01
-4.590666666666667339e-01
-1.100266666666666504e+00
-3.202666666666667550e-01
-4.913333333333334552e-01
-1.234266666666666845e+00
-3.811999999999998168e-01
-1.089333333333333487e+00
-4.703999999999999293e-01
-4.250666666666668703e-01
-5.209333333333332483e-01
-1.015999999999999570e+00
-1.183200000000000252e+00
-6.174666666666669412e-01
-5.648000000000003018e-01
-9.873333333333331741e-01
-7.894666666666665389e-01
-1.152933333333333588e+00
-7.346666666666665790e-01
-7.355999999999999206e-01
-1.022533333333333072e+00
-6.148000000000000131e-01
-6.199999999999998845e-01
-9.056000000000004047e-01
-4.584000000000001962e-01
-5.994666666666667032e-01
-4.450666666666667215e-01
-5.475999999999998646e-01
-1.112666666666666249e+00
