2.925000000000000000e+01
1.894000000000000128e+01
1.193999999999999950e+01
1.022000000000000064e+01
9.990000000000000213e+00
1.091999999999999993e+01
9.990000000000000213e+00
9.089999999999999858e+00
8.839999999999999858e+00
1.032000000000000028e+01
9.070000000000000284e+00
8.490000000000000213e+00
9.080000000000000071e+00
9.570000000000000284e+00
9.099999999999999645e+00
8.419999999999999929e+00
8.519999999999999574e+00
8.839999999999999858e+00
9.289999999999999147e+00
8.890000000000000568e+00
8.919999999999999929e+00
9.009999999999999787e+00
8.859999999999999432e+00
9.150000000000000355e+00
1.036999999999999922e+01
7.900000000000000355e+00
9.619999999999999218e+00
8.339999999999999858e+00
9.349999999999999645e+00
8.150000000000000355e+00
9.089999999999999858e+00
8.769999999999999574e+00
8.890000000000000568e+00
9.250000000000000000e+00
9.480000000000000426e+00
9.029999999999999361e+00
8.519999999999999574e+00
9.039999999999999147e+00
8.880000000000000782e+00
8.589999999999999858e+00
8.589999999999999858e+00
8.269999999999999574e+00
9.380000000000000782e+00
8.080000000000000071e+00
8.949999999999999289e+00
9.009999999999999787e+00
8.380000000000000782e+00
8.769999999999999574e+00
8.929999999999999716e+00
8.000000000000000000e+00
8.550000000000000711e+00
7.860000000000000320e+00
8.849999999999999645e+00
8.570000000000000284e+00
8.689999999999999503e+00
8.660000000000000142e+00
8.310000000000000497e+00
8.869999999999999218e+00
9.250000000000000000e+00
8.640000000000000568e+00
8.929999999999999716e+00
8.529999999999999361e+00
8.210000000000000853e+00
8.150000000000000355e+00
9.300000000000000711e+00
8.949999999999999289e+00
8.339999999999999858e+00
9.099999999999999645e+00
8.369999999999999218e+00
8.330000000000000071e+00
7.990000000000000213e+00
8.949999999999999289e+00
8.250000000000000000e+00
9.330000000000000071e+00
8.220000000000000639e+00
8.589999999999999858e+00
8.660000000000000142e+00
8.570000000000000284e+00
9.119999999999999218e+00
8.619999999999999218e+00
8.300000000000000711e+00
8.310000000000000497e+00
8.179999999999999716e+00
8.890000000000000568e+00
7.809999999999999609e+00
8.820000000000000284e+00
8.589999999999999858e+00
8.470000000000000639e+00
9.060000000000000497e+00
8.400000000000000355e+00
9.019999999999999574e+00
8.650000000000000355e+00
8.589999999999999858e+00
8.279999999999999361e+00
8.519999999999999574e+00
8.199999999999999289e+00
8.880000000000000782e+00
8.279999999999999361e+00
8.250000000000000000e+00
8.769999999999999574e+00
