-3.452666666666668505e+01
-2.779586666666666517e+01
-2.817866666666667541e+01
-2.533546666666667235e+01
-2.334480000000000999e+01
-2.254106666666666214e+01
-2.041280000000000072e+01
-1.735306666666666331e+01
-1.388946666666666729e+01
-1.140119999999999933e+01
-1.204986666666666828e+01
-9.711866666666665537e+00
-8.471733333333334670e+00
-6.009733333333332261e+00
-4.307600000000000762e+00
-4.442933333333330737e+00
-5.724933333333332541e+00
-5.380800000000000693e+00
-4.839999999999999858e+00
-3.652800000000000935e+00
-4.575600000000003220e+00
-3.341866666666666319e+00
-4.273066666666667679e+00
-4.742133333333330647e+00
-3.732533333333332592e+00
-4.058799999999999741e+00
-2.861733333333334794e+00
-2.656533333333332969e+00
-3.529733333333331835e+00
-3.320533333333334003e+00
-3.591733333333335665e+00
-3.406000000000000583e+00
-2.803200000000000358e+00
-3.702666666666666551e+00
-3.394266666666668542e+00
-2.660000000000000586e+00
-2.436666666666666980e+00
-3.788533333333333530e+00
-2.712133333333334395e+00
-2.079333333333335254e+00
-2.652400000000000535e+00
-3.436133333333334594e+00
-2.006266666666666865e+00
-2.670666666666666078e+00
-3.150133333333333674e+00
-2.042400000000001103e+00
-2.638933333333333131e+00
-2.878666666666666707e+00
-2.040399999999999991e+00
-2.575733333333334762e+00
-2.229733333333334233e+00
-1.434000000000001274e+00
-2.631733333333333924e+00
-3.518399999999997974e+00
-2.011333333333333417e+00
-2.286799999999999944e+00
-1.448266666666667479e+00
-2.934000000000001052e+00
-2.055466666666667219e+00
-2.478399999999999714e+00
-1.997066666666666546e+00
-1.951466666666667349e+00
-2.046933333333333938e+00
-1.865733333333334132e+00
-1.977066666666665640e+00
-2.013066666666667004e+00
-1.680800000000000516e+00
-2.579866666666665864e+00
-1.962266666666667270e+00
-2.318533333333333335e+00
-2.381866666666666799e+00
-2.469600000000001572e+00
-2.153866666666668372e+00
-2.615733333333334354e+00
-2.577866666666666529e+00
-1.741333333333333622e+00
-3.012933333333332353e+00
-2.667733333333332624e+00
-1.724266666666667058e+00
-1.723466666666667146e+00
-2.155200000000001115e+00
-1.543600000000000749e+00
-2.458133333333334836e+00
-1.585599999999999676e+00
-2.162133333333334129e+00
-1.680133333333334145e+00
-1.940266666666668804e+00
-2.355866666666667442e+00
-1.449733333333334206e+00
-1.550133333333332697e+00
-1.913866666666667049e+00
-1.772800000000000376e+00
-2.299866666666668280e+00
-1.972000000000000419e+00
-1.607600000000000584e+00
-1.934400000000001452e+00
-1.989600000000000701e+00
-2.020799999999999930e+00
-2.406133333333333901e+00
-1.755333333333333856e+00
