3.000000000000000000e+01
3.000000000000000000e+01
3.000000000000000000e+01
2.978000000000000114e+01
2.951999999999999957e+01
2.980000000000000071e+01
2.801999999999999957e+01
2.710000000000000142e+01
2.548000000000000043e+01
2.210000000000000142e+01
2.028000000000000114e+01
1.821999999999999886e+01
1.762000000000000099e+01
1.485999999999999943e+01
1.223000000000000043e+01
1.347000000000000064e+01
1.500000000000000000e+01
1.417999999999999972e+01
1.323000000000000043e+01
1.230000000000000071e+01
1.275000000000000000e+01
1.173000000000000043e+01
1.208999999999999986e+01
1.217999999999999972e+01
1.142999999999999972e+01
1.226999999999999957e+01
1.281000000000000050e+01
1.022000000000000064e+01
1.241000000000000014e+01
1.172000000000000064e+01
1.227999999999999936e+01
1.107000000000000028e+01
1.125999999999999979e+01
1.256000000000000050e+01
1.258000000000000007e+01
1.099000000000000021e+01
1.018999999999999950e+01
1.198000000000000043e+01
1.064000000000000057e+01
1.028999999999999915e+01
1.266000000000000014e+01
1.175000000000000000e+01
1.035999999999999943e+01
1.058000000000000007e+01
1.080000000000000071e+01
1.016000000000000014e+01
1.058000000000000007e+01
9.560000000000000497e+00
9.470000000000000639e+00
1.033000000000000007e+01
1.106000000000000050e+01
9.679999999999999716e+00
1.027999999999999936e+01
1.141999999999999993e+01
1.033999999999999986e+01
9.529999999999999361e+00
9.609999999999999432e+00
1.047000000000000064e+01
1.008000000000000007e+01
1.122000000000000064e+01
9.970000000000000639e+00
9.769999999999999574e+00
1.019999999999999929e+01
1.005000000000000071e+01
1.033999999999999986e+01
1.040000000000000036e+01
1.006000000000000050e+01
1.157000000000000028e+01
9.589999999999999858e+00
1.091999999999999993e+01
9.779999999999999361e+00
9.900000000000000355e+00
1.026999999999999957e+01
9.759999999999999787e+00
1.092999999999999972e+01
9.089999999999999858e+00
1.116000000000000014e+01
1.027999999999999936e+01
9.439999999999999503e+00
9.529999999999999361e+00
9.750000000000000000e+00
1.022000000000000064e+01
1.071000000000000085e+01
9.939999999999999503e+00
9.890000000000000568e+00
9.669999999999999929e+00
9.960000000000000853e+00
1.019999999999999929e+01
1.023000000000000043e+01
9.080000000000000071e+00
9.939999999999999503e+00
9.560000000000000497e+00
9.650000000000000355e+00
9.410000000000000142e+00
8.859999999999999432e+00
9.710000000000000853e+00
1.061999999999999922e+01
8.849999999999999645e+00
1.048000000000000043e+01
8.689999999999999503e+00
