-3.273053333333334081e+01
-2.408293333333334729e+01
-2.264599999999999369e+01
-1.676533333333333076e+01
-8.059600000000001430e+00
-8.940533333333334554e+00
-5.772266666666666879e+00
-3.797733333333334294e+00
-4.463199999999998724e+00
-3.749866666666667570e+00
-4.829866666666667641e+00
-2.966400000000000592e+00
-2.473600000000001131e+00
-2.995333333333332515e+00
-3.128000000000001446e+00
-2.901333333333334430e+00
-2.903066666666664464e+00
-2.082133333333333614e+00
-2.712933333333332531e+00
-2.181999999999999051e+00
-4.066799999999997084e+00
-1.373333333333334183e+00
-2.778533333333333744e+00
-2.102666666666666906e+00
-1.668000000000001037e+00
-1.662000000000001032e+00
-2.097066666666667523e+00
-2.252266666666668193e+00
-2.959066666666665846e+00
-1.198933333333333184e+00
-2.256133333333333990e+00
-2.331600000000001671e+00
-2.094400000000000261e+00
-1.354400000000000270e+00
-1.580933333333333302e+00
-2.024800000000000377e+00
-1.528933333333333477e+00
-1.587866666666667426e+00
-2.012000000000000011e+00
-1.763200000000000545e+00
-8.997333333333332739e-01
-1.486800000000000566e+00
-1.591200000000000614e+00
-1.492133333333333312e+00
-1.681333333333333568e+00
-1.286800000000000388e+00
-1.645600000000000618e+00
-1.336533333333334461e+00
-1.331466666666666798e+00
-1.281466666666667420e+00
-1.052533333333333543e+00
-1.581866666666667864e+00
-2.116400000000000503e+00
-1.416399999999999881e+00
-1.598000000000000087e+00
-1.411466666666666425e+00
-1.351733333333333453e+00
-1.046533333333333315e+00
-1.765466666666667406e+00
-1.834666666666667556e+00
-1.673999999999999710e+00
-9.043999999999994266e-01
-1.980133333333333967e+00
-1.524800000000000377e+00
-1.392933333333333579e+00
-8.231999999999999318e-01
-1.388933333333333797e+00
-1.674933333333334051e+00
-1.535066666666666579e+00
-1.358266666666667177e+00
-1.081466666666666576e+00
-1.620266666666667188e+00
-1.239733333333334020e+00
-1.170666666666666522e+00
-1.145333333333333314e+00
-1.081866666666666754e+00
-1.107466666666667265e+00
-1.150133333333333452e+00
-1.305600000000000316e+00
-1.518933333333333913e+00
-1.089599999999999902e+00
-9.766666666666671270e-01
-2.028933333333333255e+00
-1.542666666666666853e+00
-1.169733333333333958e+00
-1.042533333333333090e+00
-9.793333333333336110e-01
-1.642533333333333401e+00
-1.317066666666667052e+00
-1.602399999999999824e+00
-9.498666666666667480e-01
-1.554533333333333767e+00
-1.135333333333333972e+00
-9.285333333333334327e-01
-1.437200000000000921e+00
-2.199199999999999822e+00
-1.811466666666667003e+00
-1.513866666666667138e+00
-1.729866666666667330e+00
-1.174133333333333917e+00
