3.000000000000000000e+01
2.982000000000000028e+01
2.748000000000000043e+01
2.335000000000000142e+01
1.646000000000000085e+01
1.612999999999999901e+01
1.349000000000000021e+01
1.197000000000000064e+01
1.299000000000000021e+01
1.119999999999999929e+01
1.242999999999999972e+01
1.150000000000000000e+01
1.138000000000000078e+01
1.133000000000000007e+01
1.106000000000000050e+01
1.177999999999999936e+01
1.130000000000000071e+01
1.011999999999999922e+01
1.056000000000000050e+01
9.810000000000000497e+00
1.228999999999999915e+01
9.140000000000000568e+00
1.058000000000000007e+01
9.900000000000000355e+00
9.250000000000000000e+00
9.949999999999999289e+00
1.025000000000000000e+01
1.047000000000000064e+01
1.134999999999999964e+01
9.390000000000000568e+00
1.071000000000000085e+01
1.013000000000000078e+01
9.470000000000000639e+00
9.710000000000000853e+00
1.047000000000000064e+01
1.006000000000000050e+01
9.849999999999999645e+00
1.032000000000000028e+01
1.031000000000000050e+01
1.032000000000000028e+01
9.130000000000000782e+00
9.029999999999999361e+00
9.839999999999999858e+00
9.009999999999999787e+00
9.089999999999999858e+00
8.859999999999999432e+00
1.009999999999999964e+01
9.509999999999999787e+00
9.730000000000000426e+00
9.759999999999999787e+00
9.460000000000000853e+00
8.939999999999999503e+00
9.900000000000000355e+00
9.400000000000000355e+00
9.669999999999999929e+00
9.330000000000000071e+00
9.900000000000000355e+00
9.089999999999999858e+00
9.439999999999999503e+00
1.000000000000000000e+01
9.800000000000000711e+00
9.550000000000000711e+00
1.007000000000000028e+01
9.130000000000000782e+00
8.919999999999999929e+00
8.410000000000000142e+00
9.310000000000000497e+00
9.759999999999999787e+00
9.119999999999999218e+00
9.560000000000000497e+00
8.519999999999999574e+00
9.910000000000000142e+00
8.910000000000000142e+00
9.410000000000000142e+00
9.080000000000000071e+00
9.050000000000000711e+00
9.220000000000000639e+00
8.679999999999999716e+00
9.330000000000000071e+00
9.490000000000000213e+00
9.039999999999999147e+00
8.919999999999999929e+00
1.016999999999999993e+01
9.109999999999999432e+00
9.390000000000000568e+00
9.660000000000000142e+00
8.800000000000000711e+00
9.410000000000000142e+00
9.830000000000000071e+00
9.500000000000000000e+00
8.919999999999999929e+00
9.269999999999999574e+00
8.720000000000000639e+00
8.679999999999999716e+00
9.779999999999999361e+00
1.015000000000000036e+01
9.330000000000000071e+00
8.550000000000000711e+00
9.390000000000000568e+00
8.669999999999999929e+00
